##             X      map      basequal        depth    skip  paired
         default   37   999  37     999      7      30     0       1
         ancient   30   999  30     999      0      99     2       0
         capture   10   999  20     999      0      99     2       0
          nofilt    0   999   0     999      0      99     0       0
           cteam   37   999  26     999     10      70     0       1
           Altai   37   999  37     999     21      61     2       0
       Ust_Ishim   37   999  37     999      0     999     2       0
        Vi_merge   37   999  37     999      0      99     5       0
            Mez1   37   999  37     999      0      99     5       0
            MezE   37   999  37     999      0      99     5       0
        Denisova   37   999  30     999     13      41     2       0
              AD   37   999  37     999      5      30     2       0
              DD   37   999  30     999      3      20     2       0
           Dinka   37   999  37     999      7      30     0       1
          French   37   999  37     999      6      28     0       1
          Papuan   37   999  37     999      6      28     0       1
       Sardinian   37   999  37     999      6      27     0       1
             Han   37   999  37     999      7      30     0       1
          Yoruba   37   999  37     999      8      34     0       1
       Karitiana   37   999  37     999      6      28     0       1
             San   37   999  37     999      8      35     0       1
        Mandenka   37   999  37     999      6      27     0       1
             Dai   37   999  37     999      7      30     0       1
           Mbuti   37   999  37     999      5      27     0       1
            Dai2   37   999  37     999      9      32     0       1
         French2   37   999  37     999     11      40     0       1
            Han2   37   999  37     999      8      31     0       1
       Mandenka2   37   999  37     999      9      32     0       1
          Mbuti2   37   999  37     999      9      33     0       1
         Papuan2   37   999  37     999     11      39     0       1
            San2   37   999  37     999     10      34     0       1
      Sardinian2   37   999  37     999     11      36     0       1
         Yoruba2   37   999  37     999     11      36     0       1
      Karitiana2   37   999  37     999     10      34     0       1
      Australian   37   999  37     999     16      34     0       1
     Australian2   37   999  37     999     11      37     0       1
            Mixe   37   999  37     999      9      34     0       1
          Dinka2   37   999  37     999      8      30     0       1
          Crete1   37   999  37     999      5      40     0       1
          Crete2   37   999  37     999      5      40     0       1
        Loshbour   30   999  30     999      0      10     2       0
        Lassithi   30   999  30     999      0      10     2       0
    Skoglund_HG1   30   999  30     999      0       5     2       0
    Skoglund_HG2   30   999  30     999      0       5     2       0
    Skoglund_HG3   30   999  30     999      0       5     2       0
Skoglund_mergeHG   30   999  30     999      0       5     2       0
 Skoglund_farmer   30   999  30     999      0       5     2       0
         Kharia1   37   999  37     999     10      50     0       1
        Kurumba1   37   999  37     999     10      50     0       1
           Onge1   37   999  37     999     11      36     0       1
           Onge2   37   999  37     999     11      36     0       1
           Mala1   37   999  37     999     10      50     0       1
             KP1   37   999  37     999     10      50     0       1
       Loshbour2   37   999  37     999      6      20     5       0
      Loshbour3g   37   999  37     999     10      30     5       0
         LosLeip   37   999  37     999     10      30     5       0
         LBKLeip   37   999  37     999     10      30     5       0
 ##   LBK1        37  999  37  999   6  20  5  0
 ##   LBK1b       37  999  37  999   10  30  5  0
    Motala_merge   37   999  37     999      0       5     2       0
           BC11a   30   999  30     999      0      99     2       0
           BC11b   30   999  30     999      0      99     2       0
           BC11c   30   999  30     999      0      99     2       0
           BC11d   30   999  30     999      0      99     2       0
           BC11e   30   999  30     999      0      99     2       0
           BC11f   30   999  30     999      0      99     2       0
       Samara51a   30   999  30     999      0      99     2       0
       Samara51b   30   999  30     999      0      99     2       0
       Samara51c   30   999  30     999      0      99     2       0
       Samara51d   30   999  30     999      0      99     2       0
       Samara51e   30   999  30     999      0      99     2       0
       Samara51f   30   999  30     999      0      99     2       0
## HaakHighCoverage
           Peru1   30   999  30     999      0      99     2       0
           Peru2   30   999  30     999      0      99     2       0
           Peru3   30   999  30     999      0      99     2       0
         Corded1   30   999  30     999      0      99     2       0
          BellB1   30   999  30     999      0      99     2       0
        Unetice1   30   999  30     999      0      99     2       0
           Alan1   30   999  30     999      0      99     2       0
      LBK2_merge   30   999  30     999      0      99     2       0
            LBK2   30   999  30     999      0      99     2       0
     Russia_mes1   30   999  30     999      0      99     2       0
